3,230891674 10,54526041 11,02910596
4,69217231 15,35057516 16,05168648
17,92368434 8,071467833 19,65723921
1,728856848 -0,764841257 1,890483576
10,11124006 15,57369305 18,56817414
3,547322555 9,242855435 9,90019565
1 2 2,236067977
16,0947848 9,454787354 18,66641641
15,10667895 10,51823862 18,40774545
0,345004915 13,98285212 13,9871077
1,632385613 10,24540286 10,37463072
6,32642342 14,17132858 15,51934879
17,138238 18,03656812 24,880454
10,38395828 -0,59867348 10,40120183
15,75944737 4,567311749 16,4079407
2,994887437 7,112879148 7,717668076
0,694046203 1,173365798 1,363263521
11,08177861 13,45896189 17,43414673
8,233561285 13,25693449 15,60569908
9,350077336 16,13217856 18,64594141
8,21908568 18,46794483 20,21431067
10,71787389 12,59143686 16,53532893
15,22272908 0,47634835 15,23018018
14,24294158 4,309202728 14,88054478
1,092295807 7,43679607 7,516584724
